function xp=IBMod(~,x)
xp(1)=11-0.0125*x(1)+0.0008*x(2);
xp(2)=10.75+0.0125*x(1)-0.0116*x(2);
xp=xp';