Hf = 0.0625*1.4142*0.6*30*tf(1,[3.5*10^-3*13.888*10^-5, 3.5*10^-3/15,1]);